Cantidad | Secuencial | OMP   | GPU   | GPU-QuickSort |
1000       0.196        0.210   6.604    3.555
5000       1.202        1.335   21.032   6.226
10000      2.391        2.524   50.437   9.962
50000      12.236       13.202  512.583  12.248
100000     28.779       27.818  1600,03  19.947 16-8
500000     143.603      93.471   -----   37.349 32-16
1000000    304.991      203.211  -----   46.617 64-32
5000000    1698.34      1122.590 -----   88.937 128-64 
10000000   3683.713     2473.136 -----   158.088 128-64 
50000000   20287.507    13316.552 ----   401.351 128-64
100000000  41183.724    32087.728 ----   878.485 128-64
500000000  224981.828   148800.042 ---   3803.709 128-64
1000000000 467772.651   291855.056 ---   7313.001 256-128

c(1000,5000,10000,50000,100000,500000,1000000,5000000,10000000,50000000,100000000,500000000,1000000000)
c(0.196,1.202,2.391,12.236,28.779,143.603,304.991,1698.34,3683.713,20287.507,41183.724,224981.828,467772.651)
c(0.210,1.335,2.524,13.202,27.818,93.471,203.211,1122.590,2473.136,13316.552,32087.728,148800.042,291855.056)
c(3.555,6.226,9.962,12.248,19.947,37.349,46.617,88.937,158.088,401.351,878.485,3803.709,7313.001)
